2,64,selective,0.0,0.0,0.0,18.04083752632141
2,256,selective,0.0,0.0,0.0,18.13508892059326
2,1024,full,0.0,0.0,0.0,17.87701177597046
1,4096,full,0.0,0.0,0.0,17.977269649505615
2,64,selective,0.0,0.0,0.0,18.110785722732544
2,256,selective,0.0,0.0,0.0,18.17388677597046
2,1024,full,0.0,0.0,0.0,17.86311936378479
1,4096,full,0.0,0.0,0.0,17.875426054000854
1,8192,full,0.0,0.0,0.0,17.93400502204895
2,64,selective,0.0,0.0,0.0,18.01754403114319
2,256,selective,0.0,0.0,0.0,17.862823486328125
2,1024,full,0.0,0.0,0.0,17.826433897018433
1,4096,full,0.0,0.0,0.0,17.76592516899109
1,8192,full,0.0,0.0,0.0,17.838371753692627
2,64,selective,3071.6992555217284,3071.6992555217284,3071.6992555217284,18.240022659301758
2,256,selective,3071.6992555217903,3071.6992555217903,3071.6992555217903,18.102707862854004
2,1024,full,3071.699255522847,3071.699255522847,3071.699255522847,17.780946254730225
1,4096,full,4763.481410622698,4763.481410622698,4763.481410622698,17.80625820159912
1,8192,full,9572.580648599574,9572.580648599574,9572.580648599574,17.906896829605103
2,64,selective,3071.6992555217284,3071.6992555217284,3071.6992555217284,17.847320795059204
2,256,selective,3071.6992555217903,3071.6992555217903,3071.6992555217903,17.928893566131592
2,1024,full,3071.699255522847,3071.699255522847,3071.699255522847,17.776066541671753
1,4096,full,4763.481410622698,4763.481410622698,4763.481410622698,17.918579578399658
1,8192,full,9572.580648599574,9572.580648599574,9572.580648599574,17.859832525253296
2,64,selective,3071.6992555217284,3071.6992555217284,3071.6992555217284,18.013073921203613
2,256,selective,3071.6992555217903,3071.6992555217903,3071.6992555217903,17.903602600097656
2,1024,full,3071.699255522847,3071.699255522847,3071.699255522847,17.731568336486816
1,4096,full,4763.481410622698,4763.481410622698,4763.481410622698,17.772977352142334
1,8192,full,9572.580648599574,9572.580648599574,9572.580648599574,17.836194038391113
2,64,selective,3071.6992555217284,3071.6992555217284,3071.6992555217284,17.92038869857788
2,256,selective,3071.6992555217903,3071.6992555217903,3071.6992555217903,18.07748317718506
2,1024,full,3071.699255522847,3071.699255522847,3071.699255522847,17.837661266326904
1,4096,full,4763.481410622698,4763.481410622698,4763.481410622698,17.80105209350586
1,8192,full,9572.580648599574,9572.580648599574,9572.580648599574,17.854663610458374
2,64,selective,3071.6256773480263,3071.6256773480263,3071.6256773480263,9.17486572265625
2,256,selective,3071.6256773480172,3071.6256773480172,3071.6256773480172,9.235353469848633
2,1024,full,3071.6256773482064,3071.6256773482064,3071.6256773482064,9.38486123085022

2,64,selective,5503.552734375,23720223744,35729178624				
2,256,selective,5423.146484375,26056782848,48549068800				
2,1024,full,5480.86181640625,24671500288,40204500992				
1,4096,full,6018.70166015625,28060671488,43301994496				
1,8192,full,10663.869140625,36490843136,54383345664				
