2,64,selective,1545.865966796875,13926408192,19010682880
2,64,selective,1541.4857177734375,13926408704,19010682880
2,64,selective,1539.739501953125,13926409216,19010682880
2,64,selective,1552.9580078125,13926409728,19010682880
2,64,selective,1541.347900390625,13926410240,19010682880
2,64,selective,1545.097900390625,13926410752,19010682880
2,64,selective,1542.9530029296875,13926411264,19010682880
2,64,selective,1546.1163330078125,13926411776,19010682880
2,64,selective,1548.540771484375,13926412288,19010682880
2,64,selective,1551.2669677734375,13926412800,19010682880
2,256,selective,1540.9384765625,13930805248,18616418304
2,256,selective,1540.213134765625,13930805760,18616418304
2,256,selective,1538.3994140625,13930806272,18616418304
2,256,selective,1536.01953125,13930806784,18616418304
2,256,selective,1538.6016845703125,13930807296,18616418304
2,256,selective,1531.6513671875,13930807808,18616418304
2,256,selective,1542.987060546875,13930808320,18616418304
2,256,selective,1537.7723388671875,13930808832,18616418304
2,256,selective,1542.6051025390625,13930809344,18616418304
2,256,selective,1537.3887939453125,13930809856,18616418304
2,1024,full,1292.042724609375,13927421952,16743661568
2,1024,full,1285.199951171875,13927422464,16743661568
2,1024,full,1288.563720703125,13927422976,16743661568
2,1024,full,1286.5628662109375,13927423488,16743661568
2,1024,full,1289.1578369140625,13927424000,16743661568
2,1024,full,1291.460693359375,13927424512,16743661568
2,1024,full,1288.818603515625,13927425024,16743661568
2,1024,full,1285.9400634765625,13927425536,16743661568
2,1024,full,1290.06689453125,13927426048,16743661568
2,1024,full,1287.892822265625,13927426560,16743661568
1,4096,full,1260.423828125,13952620544,17200840704
1,4096,full,1264.54345703125,13952621056,17200840704
1,4096,full,1267.23681640625,13952621568,17200840704
1,4096,full,1269.1326904296875,13952622080,17200840704
1,4096,full,1267.374267578125,13952622592,17200840704
1,4096,full,1265.435302734375,13952623104,17200840704
1,4096,full,1265.3160400390625,13952623616,17200840704
1,4096,full,1267.654052734375,13952624128,17200840704
1,4096,full,1272.9422607421875,13952624640,17200840704
1,4096,full,1265.30224609375,13952625152,17200840704
2,64,selective,1522.46728515625,13926408192,19010682880
2,64,selective,1528.4864501953125,13926408704,19010682880
2,64,selective,1526.630126953125,13926409216,19010682880
2,64,selective,1520.4705810546875,13926409728,19010682880
2,64,selective,1540.7557373046875,13926410240,19010682880
2,64,selective,1527.2711181640625,13926410752,19010682880
2,64,selective,1525.656982421875,13926411264,19010682880
2,64,selective,1532.12646484375,13926411776,19010682880
2,64,selective,1525.78955078125,13926412288,19010682880
2,64,selective,1527.163818359375,13926412800,19010682880
2,256,selective,1536.7822265625,13930805248,18616418304
2,256,selective,1533.5723876953125,13930805760,18616418304
2,256,selective,1533.9976806640625,13930806272,18616418304
2,256,selective,1529.8638916015625,13930806784,18616418304
2,256,selective,1533.8751220703125,13930807296,18616418304
2,256,selective,1531.161865234375,13930807808,18616418304
2,256,selective,1527.8587646484375,13930808320,18616418304
2,256,selective,1524.866943359375,13930808832,18616418304
2,256,selective,1534.0721435546875,13930809344,18616418304
2,256,selective,1528.7705078125,13930809856,18616418304
2,1024,full,1277.53125,13927421952,16743661568
2,1024,full,1278.4261474609375,13927422464,16743661568
2,1024,full,1271.7940673828125,13927422976,16743661568
2,1024,full,1277.7076416015625,13927423488,16743661568
2,1024,full,1277.59716796875,13927424000,16743661568
2,1024,full,1278.167724609375,13927424512,16743661568
2,1024,full,1273.22314453125,13927425024,16743661568
2,1024,full,1275.8057861328125,13927425536,16743661568
2,1024,full,1275.533203125,13927426048,16743661568
2,1024,full,1275.562255859375,13927426560,16743661568
2,64,selective,1528.718017578125,13926408192,19010682880
2,64,selective,1534.6177978515625,13926408704,19010682880
2,64,selective,1531.3115234375,13926409216,19010682880
2,64,selective,1534.3511962890625,13926409728,19010682880
2,64,selective,1543.03662109375,13926410240,19010682880
2,64,selective,1536.37451171875,13926410752,19010682880
2,64,selective,1531.2568359375,13926411264,19010682880
2,64,selective,1527.177978515625,13926411776,19010682880
2,64,selective,1535.5390625,13926412288,19010682880
2,64,selective,1529.2562255859375,13926412800,19010682880
2,256,selective,1525.4393310546875,13930805248,18616418304
2,256,selective,1533.4664306640625,13930805760,18616418304
2,256,selective,1530.854736328125,13930806272,18616418304
2,256,selective,1530.776611328125,13930806784,18616418304
2,256,selective,1527.9522705078125,13930807296,18616418304
2,256,selective,1531.327880859375,13930807808,18616418304
2,256,selective,1532.64013671875,13930808320,18616418304
2,256,selective,1531.36767578125,13930808832,18616418304
2,256,selective,1532.70556640625,13930809344,18616418304
2,256,selective,1527.492431640625,13930809856,18616418304
2,1024,full,1291.1754150390625,13927421952,16743661568
2,1024,full,1295.384521484375,13927422464,16743661568
2,1024,full,1293.8363037109375,13927422976,16743661568
2,1024,full,1298.233642578125,13927423488,16743661568
2,1024,full,1295.476806640625,13927424000,16743661568
2,1024,full,1293.7298583984375,13927424512,16743661568
2,1024,full,1295.5596923828125,13927425024,16743661568
2,1024,full,1293.9102783203125,13927425536,16743661568
2,1024,full,1295.1046142578125,13927426048,16743661568
2,1024,full,1296.024658203125,13927426560,16743661568
2,64,selective,1528.20947265625,13926408192,19010682880
2,64,selective,1531.5146484375,13926408704,19010682880
2,64,selective,1534.2210693359375,13926409216,19010682880
2,64,selective,1532.778564453125,13926409728,19010682880
2,64,selective,1539.7008056640625,13926410240,19010682880
2,64,selective,1529.6143798828125,13926410752,19010682880
2,64,selective,1535.6221923828125,13926411264,19010682880
2,64,selective,1536.2103271484375,13926411776,19010682880
2,64,selective,1536.9681396484375,13926412288,19010682880
2,64,selective,1543.935302734375,13926412800,19010682880
2,256,selective,1551.9442138671875,13930805248,18616418304
2,256,selective,1551.1246337890625,13930805760,18616418304
2,256,selective,1549.684326171875,13930806272,18616418304
2,256,selective,1550.0654296875,13930806784,18616418304
2,256,selective,1544.585205078125,13930807296,18616418304
2,256,selective,1550.1558837890625,13930807808,18616418304
2,256,selective,1547.3974609375,13930808320,18616418304
2,256,selective,1545.8529052734375,13930808832,18616418304
2,256,selective,1550.1715087890625,13930809344,18616418304
2,256,selective,1548.096923828125,13930809856,18616418304
2,1024,full,1289.732421875,13927421952,16743661568
2,1024,full,1295.1707763671875,13927422464,16743661568
2,1024,full,1289.8040771484375,13927422976,16743661568
2,1024,full,1294.563720703125,13927423488,16743661568
2,1024,full,1293.86962890625,13927424000,16743661568
2,1024,full,1291.7947998046875,13927424512,16743661568
2,1024,full,1294.8758544921875,13927425024,16743661568
2,1024,full,1289.91162109375,13927425536,16743661568
2,1024,full,1293.696044921875,13927426048,16743661568
2,1024,full,1292.512939453125,13927426560,16743661568
1,4096,full,1276.5419921875,13952620544,17200840704
1,4096,full,1272.494873046875,13952621056,17200840704
1,4096,full,1275.781005859375,13952621568,17200840704
1,4096,full,1277.5833740234375,13952622080,17200840704
1,4096,full,1273.2506103515625,13952622592,17200840704
1,4096,full,1273.5150146484375,13952623104,17200840704
1,4096,full,1275.7333984375,13952623616,17200840704
1,4096,full,1276.356201171875,13952624128,17200840704
1,4096,full,1283.26025390625,13952624640,17200840704
1,4096,full,1280.4149169921875,13952625152,17200840704
1,8192,full,2344.698974609375,15304530432,20652752896
1,8192,full,2347.53759765625,15304530944,20652752896
1,8192,full,2348.268798828125,15304531456,20652752896
1,8192,full,2343.1982421875,15304531968,20652752896
1,8192,full,2350.895751953125,15304532480,20652752896
1,8192,full,2347.431640625,15304532992,20652752896
1,8192,full,2345.7890625,15304533504,20652752896
1,8192,full,2345.78564453125,15304534016,20652752896
1,8192,full,2349.9853515625,15304534528,20652752896
1,8192,full,2342.623291015625,15304535040,20652752896
