2,64,selective,5256.5,13926408704,19010682880
2,64,selective,5276.1494140625,13926409216,19010682880
2,64,selective,5386.22021484375,13926409728,19010682880
2,64,selective,5263.47021484375,13926410240,19010682880
2,64,selective,5253.47021484375,13926410752,19010682880
2,64,selective,5275.8759765625,13926411264,19010682880
2,64,selective,5279.88330078125,13926411776,19010682880
2,64,selective,5270.9326171875,13926412288,19010682880
2,64,selective,5378.38720703125,13926412800,19010682880
2,64,selective,5299.046875,13926413312,19010682880
2,256,selective,5270.3564453125,13930805760,18616418304
2,256,selective,5374.375,13930806272,18616418304
2,256,selective,5334.3837890625,13930806784,18616418304
2,256,selective,5290.4453125,13930807296,18616418304
2,256,selective,5258.533203125,13930807808,18616418304
2,256,selective,5281.064453125,13930808320,18616418304
2,256,selective,5485.86181640625,13930808832,18616418304
2,256,selective,5288.42041015625,13930809344,18616418304
2,256,selective,5269.23046875,13930809856,18616418304
2,256,selective,5286.9453125,13930810368,18616418304
2,1024,full,5323.84375,13928471040,16739467264
2,1024,full,5336.8544921875,13928471552,16739467264
2,1024,full,5445.421875,13928472064,16739467264
2,1024,full,5298.59228515625,13928472576,16739467264
2,1024,full,5281.8818359375,13928473088,16739467264
2,1024,full,5297.1533203125,13928473600,16739467264
2,1024,full,5314.974609375,13928474112,16739467264
2,1024,full,5289.61474609375,13928474624,16739467264
2,1024,full,5456.04345703125,13928475136,16739467264
2,1024,full,5289.09228515625,13928475648,16739467264
1,4096,full,5421.0673828125,13952948736,19371393024
1,4096,full,5337.611328125,13952949248,19371393024
1,4096,full,5396.990234375,13952949760,19371393024
1,4096,full,5367.13427734375,13952950272,19371393024
1,4096,full,5429.68017578125,13952950784,19371393024
1,4096,full,5343.85009765625,13952951296,19371393024
1,4096,full,5340.1044921875,13952951808,19371393024
1,4096,full,5338.4921875,13952952320,19371393024
1,4096,full,5358.03515625,13952952832,19371393024
1,4096,full,5335.97314453125,13952953344,19371393024
2,64,selective,5245.6279296875,13926408704,19010682880
2,64,selective,5281.04638671875,13926409216,19010682880
2,64,selective,5279.56005859375,13926409728,19010682880
2,64,selective,5256.7451171875,13926410240,19010682880
2,64,selective,5347.0146484375,13926410752,19010682880
2,64,selective,5269.21240234375,13926411264,19010682880
2,64,selective,5405.43896484375,13926411776,19010682880
2,64,selective,5296.36669921875,13926412288,19010682880
2,64,selective,5246.18798828125,13926412800,19010682880
2,64,selective,5259.5732421875,13926413312,19010682880
2,256,selective,5291.3916015625,13930805760,18616418304
2,256,selective,5307.322265625,13930806272,18616418304
2,256,selective,5326.666015625,13930806784,18616418304
2,256,selective,5270.87890625,13930807296,18616418304
2,256,selective,5260.77587890625,13930807808,18616418304
2,256,selective,5279.76806640625,13930808320,18616418304
2,256,selective,5280.29638671875,13930808832,18616418304
2,256,selective,5274.4365234375,13930809344,18616418304
2,256,selective,5377.22314453125,13930809856,18616418304
2,256,selective,5273.51318359375,13930810368,18616418304
2,1024,full,5326.62548828125,13928471040,16739467264
2,1024,full,5332.13720703125,13928471552,16739467264
2,1024,full,5337.5595703125,13928472064,16739467264
2,1024,full,5328.21435546875,13928472576,16739467264
2,1024,full,5326.91259765625,13928473088,16739467264
2,1024,full,5330.111328125,13928473600,16739467264
2,1024,full,5347.3955078125,13928474112,16739467264
2,1024,full,5320.896484375,13928474624,16739467264
2,1024,full,5328.20849609375,13928475136,16739467264
2,1024,full,5317.73291015625,13928475648,16739467264
2,64,selective,5281.64794921875,13926408704,19010682880
2,64,selective,5308.68212890625,13926409216,19010682880
2,64,selective,5291.55615234375,13926409728,19010682880
2,64,selective,5272.0576171875,13926410240,19010682880
2,64,selective,5387.15673828125,13926410752,19010682880
2,64,selective,5288.14453125,13926411264,19010682880
2,64,selective,5287.103515625,13926411776,19010682880
2,64,selective,5277.04541015625,13926412288,19010682880
2,64,selective,5266.07861328125,13926412800,19010682880
2,64,selective,5268.244140625,13926413312,19010682880
2,256,selective,5292.30615234375,13930805760,18616418304
2,256,selective,5324.11865234375,13930806272,18616418304
2,256,selective,5347.7021484375,13930806784,18616418304
2,256,selective,5297.638671875,13930807296,18616418304
2,256,selective,5306.40087890625,13930807808,18616418304
2,256,selective,5328.50244140625,13930808320,18616418304
2,256,selective,5326.5361328125,13930808832,18616418304
2,256,selective,5303.65185546875,13930809344,18616418304
2,256,selective,5294.5908203125,13930809856,18616418304
2,256,selective,5388.28173828125,13930810368,18616418304
2,1024,full,5282.888671875,13928471040,16739467264
2,1024,full,5298.2314453125,13928471552,16739467264
2,1024,full,5414.90478515625,13928472064,16739467264
2,1024,full,5310.8857421875,13928472576,16739467264
2,1024,full,5323.71875,13928473088,16739467264
2,1024,full,5291.9462890625,13928473600,16739467264
2,1024,full,5308.39990234375,13928474112,16739467264
2,1024,full,5410.318359375,13928474624,16739467264
2,1024,full,5409.63330078125,13928475136,16739467264
2,1024,full,5286.22314453125,13928475648,16739467264
2,64,selective,5297.65771484375,13926408704,19010682880
2,64,selective,5414.02490234375,13926409216,19010682880
2,64,selective,5275.5302734375,13926409728,19010682880
2,64,selective,5398.43408203125,13926410240,19010682880
2,64,selective,5262.6611328125,13926410752,19010682880
2,64,selective,5282.53759765625,13926411264,19010682880
2,64,selective,5279.02734375,13926411776,19010682880
2,64,selective,5273.87451171875,13926412288,19010682880
2,64,selective,5333.80615234375,13926412800,19010682880
2,64,selective,5378.54736328125,13926413312,19010682880
2,256,selective,5296.90869140625,13930805760,18616418304
2,256,selective,5320.79736328125,13930806272,18616418304
2,256,selective,5321.25,13930806784,18616418304
2,256,selective,5315.9140625,13930807296,18616418304
2,256,selective,5262.16845703125,13930807808,18616418304
2,256,selective,5286.16748046875,13930808320,18616418304
2,256,selective,5287.64306640625,13930808832,18616418304
2,256,selective,5279.31103515625,13930809344,18616418304
2,256,selective,5262.44287109375,13930809856,18616418304
2,256,selective,5274.7421875,13930810368,18616418304
2,1024,full,5314.2626953125,13928471040,16739467264
2,1024,full,5300.04931640625,13928471552,16739467264
2,1024,full,5307.73486328125,13928472064,16739467264
2,1024,full,5301.1015625,13928472576,16739467264
2,1024,full,5293.7958984375,13928473088,16739467264
2,1024,full,5296.34130859375,13928473600,16739467264
2,1024,full,5312.57275390625,13928474112,16739467264
2,1024,full,5292.6318359375,13928474624,16739467264
2,1024,full,5302.5166015625,13928475136,16739467264
2,1024,full,5295.45458984375,13928475648,16739467264
1,4096,full,5343.5478515625,13952948736,19371393024
1,4096,full,5362.16259765625,13952949248,19371393024
1,4096,full,5361.3154296875,13952949760,19371393024
1,4096,full,5343.44140625,13952950272,19371393024
1,4096,full,5339.71240234375,13952950784,19371393024
1,4096,full,5336.82080078125,13952951296,19371393024
1,4096,full,5352.12158203125,13952951808,19371393024
1,4096,full,5336.771484375,13952952320,19371393024
1,4096,full,5338.13818359375,13952952832,19371393024
1,4096,full,5337.3544921875,13952953344,19371393024
1,8192,full,5438.60302734375,15306628096,20552089600
1,8192,full,5453.0947265625,15306628608,20552089600
1,8192,full,5817.185546875,15306629120,20552089600
1,8192,full,5429.1923828125,15306629632,20552089600
1,8192,full,5422.06591796875,15306630144,20552089600
1,8192,full,5434.2509765625,15306630656,20552089600
1,8192,full,5435.1591796875,15306631168,20552089600
1,8192,full,5457.302734375,15306631680,20552089600
1,8192,full,5417.70361328125,15306632192,20552089600
1,8192,full,5422.41943359375,15306632704,20552089600
