2,64,selective,5256.52294921875,13926408704,19010682880
2,64,selective,5276.1806640625,13926409216,19010682880
2,64,selective,5386.2236328125,13926409728,19010682880
2,64,selective,5263.67724609375,13926410240,19010682880
2,64,selective,5253.556640625,13926410752,19010682880
2,64,selective,5275.88916015625,13926411264,19010682880
2,64,selective,5279.89453125,13926411776,19010682880
2,64,selective,5271.09423828125,13926412288,19010682880
2,64,selective,5378.49951171875,13926412800,19010682880
2,64,selective,5299.05078125,13926413312,19010682880
2,256,selective,5270.2939453125,13930805760,18616418304
2,256,selective,5374.3564453125,13930806272,18616418304
2,256,selective,5334.5498046875,13930806784,18616418304
2,256,selective,5290.44921875,13930807296,18616418304
2,256,selective,5258.5810546875,13930807808,18616418304
2,256,selective,5281.080078125,13930808320,18616418304
2,256,selective,5485.888671875,13930808832,18616418304
2,256,selective,5288.42724609375,13930809344,18616418304
2,256,selective,5269.244140625,13930809856,18616418304
2,256,selective,5286.908203125,13930810368,18616418304
2,1024,full,5323.8369140625,13928471040,16739467264
2,1024,full,5336.81982421875,13928471552,16739467264
2,1024,full,5445.427734375,13928472064,16739467264
2,1024,full,5298.54931640625,13928472576,16739467264
2,1024,full,5281.89794921875,13928473088,16739467264
2,1024,full,5297.20654296875,13928473600,16739467264
2,1024,full,5314.94091796875,13928474112,16739467264
2,1024,full,5289.560546875,13928474624,16739467264
2,1024,full,5456.0498046875,13928475136,16739467264
2,1024,full,5289.0634765625,13928475648,16739467264
1,4096,full,5420.94580078125,13952948736,19371393024
1,4096,full,5337.5322265625,13952949248,19371393024
1,4096,full,5396.96337890625,13952949760,19371393024
1,4096,full,5367.1083984375,13952950272,19371393024
1,4096,full,5429.55322265625,13952950784,19371393024
1,4096,full,5343.88134765625,13952951296,19371393024
1,4096,full,5340.0859375,13952951808,19371393024
1,4096,full,5338.45068359375,13952952320,19371393024
1,4096,full,5358.04052734375,13952952832,19371393024
1,4096,full,5335.91015625,13952953344,19371393024
2,64,selective,5245.78369140625,13926408704,19010682880
2,64,selective,5280.951171875,13926409216,19010682880
2,64,selective,5279.61474609375,13926409728,19010682880
2,64,selective,5256.86474609375,13926410240,19010682880
2,64,selective,5347.0029296875,13926410752,19010682880
2,64,selective,5269.09375,13926411264,19010682880
2,64,selective,5405.5673828125,13926411776,19010682880
2,64,selective,5296.404296875,13926412288,19010682880
2,64,selective,5246.28857421875,13926412800,19010682880
2,64,selective,5259.39404296875,13926413312,19010682880
2,256,selective,5291.48583984375,13930805760,18616418304
2,256,selective,5307.392578125,13930806272,18616418304
2,256,selective,5326.7109375,13930806784,18616418304
2,256,selective,5270.9609375,13930807296,18616418304
2,256,selective,5260.86474609375,13930807808,18616418304
2,256,selective,5279.7724609375,13930808320,18616418304
2,256,selective,5280.38720703125,13930808832,18616418304
2,256,selective,5274.46533203125,13930809344,18616418304
2,256,selective,5377.259765625,13930809856,18616418304
2,256,selective,5273.5712890625,13930810368,18616418304
2,1024,full,5326.5673828125,13928471040,16739467264
2,1024,full,5332.2998046875,13928471552,16739467264
2,1024,full,5337.552734375,13928472064,16739467264
2,1024,full,5328.1875,13928472576,16739467264
2,1024,full,5326.89892578125,13928473088,16739467264
2,1024,full,5330.0849609375,13928473600,16739467264
2,1024,full,5347.453125,13928474112,16739467264
2,1024,full,5320.849609375,13928474624,16739467264
2,1024,full,5328.28662109375,13928475136,16739467264
2,1024,full,5317.7197265625,13928475648,16739467264
2,64,selective,5281.611328125,13926408704,19010682880
2,64,selective,5308.66259765625,13926409216,19010682880
2,64,selective,5291.68505859375,13926409728,19010682880
2,64,selective,5272.11376953125,13926410240,19010682880
2,64,selective,5387.07763671875,13926410752,19010682880
2,64,selective,5288.1611328125,13926411264,19010682880
2,64,selective,5287.13720703125,13926411776,19010682880
2,64,selective,5277.13232421875,13926412288,19010682880
2,64,selective,5266.08056640625,13926412800,19010682880
2,64,selective,5268.2060546875,13926413312,19010682880
2,256,selective,5292.37060546875,13930805760,18616418304
2,256,selective,5324.14990234375,13930806272,18616418304
2,256,selective,5347.71044921875,13930806784,18616418304
2,256,selective,5297.62841796875,13930807296,18616418304
2,256,selective,5306.4111328125,13930807808,18616418304
2,256,selective,5328.54638671875,13930808320,18616418304
2,256,selective,5326.48876953125,13930808832,18616418304
2,256,selective,5303.7041015625,13930809344,18616418304
2,256,selective,5294.60595703125,13930809856,18616418304
2,256,selective,5388.24267578125,13930810368,18616418304
2,1024,full,5282.96435546875,13928471040,16739467264
2,1024,full,5298.2060546875,13928471552,16739467264
2,1024,full,5415.04052734375,13928472064,16739467264
2,1024,full,5310.966796875,13928472576,16739467264
2,1024,full,5323.7890625,13928473088,16739467264
2,1024,full,5292.025390625,13928473600,16739467264
2,1024,full,5308.4560546875,13928474112,16739467264
2,1024,full,5410.4033203125,13928474624,16739467264
2,1024,full,5409.69677734375,13928475136,16739467264
2,1024,full,5286.333984375,13928475648,16739467264
2,64,selective,5297.51171875,13926408704,19010682880
2,64,selective,5414.001953125,13926409216,19010682880
2,64,selective,5275.5146484375,13926409728,19010682880
2,64,selective,5398.373046875,13926410240,19010682880
2,64,selective,5262.458984375,13926410752,19010682880
2,64,selective,5282.4736328125,13926411264,19010682880
2,64,selective,5278.96728515625,13926411776,19010682880
2,64,selective,5273.869140625,13926412288,19010682880
2,64,selective,5333.65234375,13926412800,19010682880
2,64,selective,5378.52880859375,13926413312,19010682880
2,256,selective,5296.92431640625,13930805760,18616418304
2,256,selective,5320.7890625,13930806272,18616418304
2,256,selective,5321.29052734375,13930806784,18616418304
2,256,selective,5315.90869140625,13930807296,18616418304
2,256,selective,5262.14990234375,13930807808,18616418304
2,256,selective,5285.95947265625,13930808320,18616418304
2,256,selective,5287.66943359375,13930808832,18616418304
2,256,selective,5279.2802734375,13930809344,18616418304
2,256,selective,5262.490234375,13930809856,18616418304
2,256,selective,5274.73193359375,13930810368,18616418304
2,1024,full,5314.32568359375,13928471040,16739467264
2,1024,full,5300.0576171875,13928471552,16739467264
2,1024,full,5307.7724609375,13928472064,16739467264
2,1024,full,5301.10498046875,13928472576,16739467264
2,1024,full,5293.85986328125,13928473088,16739467264
2,1024,full,5296.4140625,13928473600,16739467264
2,1024,full,5312.650390625,13928474112,16739467264
2,1024,full,5292.70166015625,13928474624,16739467264
2,1024,full,5302.546875,13928475136,16739467264
2,1024,full,5295.47119140625,13928475648,16739467264
1,4096,full,5343.408203125,13952948736,19371393024
1,4096,full,5362.0146484375,13952949248,19371393024
1,4096,full,5361.21826171875,13952949760,19371393024
1,4096,full,5343.33642578125,13952950272,19371393024
1,4096,full,5339.62353515625,13952950784,19371393024
1,4096,full,5336.7294921875,13952951296,19371393024
1,4096,full,5352.01025390625,13952951808,19371393024
1,4096,full,5336.75244140625,13952952320,19371393024
1,4096,full,5338.0703125,13952952832,19371393024
1,4096,full,5337.22802734375,13952953344,19371393024
1,8192,full,5438.57177734375,15306628096,20552089600
1,8192,full,5453.05224609375,15306628608,20552089600
1,8192,full,5817.240234375,15306629120,20552089600
1,8192,full,5429.02392578125,15306629632,20552089600
1,8192,full,5421.8876953125,15306630144,20552089600
1,8192,full,5434.2734375,15306630656,20552089600
1,8192,full,5435.04638671875,15306631168,20552089600
1,8192,full,5457.283203125,15306631680,20552089600
1,8192,full,5417.63623046875,15306632192,20552089600
1,8192,full,5422.36572265625,15306632704,20552089600
