2,64,selective,5256.45361328125,13926408704,19010682880
2,64,selective,5276.1142578125,13926409216,19010682880
2,64,selective,5386.150390625,13926409728,19010682880
2,64,selective,5263.67626953125,13926410240,19010682880
2,64,selective,5253.470703125,13926410752,19010682880
2,64,selective,5275.798828125,13926411264,19010682880
2,64,selective,5279.86328125,13926411776,19010682880
2,64,selective,5271.02197265625,13926412288,19010682880
2,64,selective,5378.40087890625,13926412800,19010682880
2,64,selective,5299.04443359375,13926413312,19010682880
2,256,selective,5270.44970703125,13930805760,18616418304
2,256,selective,5374.3837890625,13930806272,18616418304
2,256,selective,5334.67041015625,13930806784,18616418304
2,256,selective,5290.4326171875,13930807296,18616418304
2,256,selective,5258.58349609375,13930807808,18616418304
2,256,selective,5281.15185546875,13930808320,18616418304
2,256,selective,5485.9306640625,13930808832,18616418304
2,256,selective,5288.51953125,13930809344,18616418304
2,256,selective,5269.24755859375,13930809856,18616418304
2,256,selective,5286.91650390625,13930810368,18616418304
2,1024,full,5323.82666015625,13928471040,16739467264
2,1024,full,5336.8212890625,13928471552,16739467264
2,1024,full,5445.466796875,13928472064,16739467264
2,1024,full,5298.57763671875,13928472576,16739467264
2,1024,full,5281.8935546875,13928473088,16739467264
2,1024,full,5297.19921875,13928473600,16739467264
2,1024,full,5314.876953125,13928474112,16739467264
2,1024,full,5289.7060546875,13928474624,16739467264
2,1024,full,5456.072265625,13928475136,16739467264
2,1024,full,5289.03125,13928475648,16739467264
1,4096,full,5420.9873046875,13952948736,19371393024
1,4096,full,5337.529296875,13952949248,19371393024
1,4096,full,5396.97119140625,13952949760,19371393024
1,4096,full,5367.1552734375,13952950272,19371393024
1,4096,full,5429.48486328125,13952950784,19371393024
1,4096,full,5343.90478515625,13952951296,19371393024
1,4096,full,5340.05859375,13952951808,19371393024
1,4096,full,5338.40625,13952952320,19371393024
1,4096,full,5357.96875,13952952832,19371393024
1,4096,full,5335.94873046875,13952953344,19371393024
2,64,selective,5245.77001953125,13926408704,19010682880
2,64,selective,5280.92041015625,13926409216,19010682880
2,64,selective,5279.5869140625,13926409728,19010682880
2,64,selective,5256.8486328125,13926410240,19010682880
2,64,selective,5346.90966796875,13926410752,19010682880
2,64,selective,5269.09033203125,13926411264,19010682880
2,64,selective,5405.5537109375,13926411776,19010682880
2,64,selective,5296.35107421875,13926412288,19010682880
2,64,selective,5246.2490234375,13926412800,19010682880
2,64,selective,5259.28662109375,13926413312,19010682880
2,256,selective,5291.44482421875,13930805760,18616418304
2,256,selective,5307.33740234375,13930806272,18616418304
2,256,selective,5326.73291015625,13930806784,18616418304
2,256,selective,5270.87158203125,13930807296,18616418304
2,256,selective,5260.88916015625,13930807808,18616418304
2,256,selective,5279.8037109375,13930808320,18616418304
2,256,selective,5280.3154296875,13930808832,18616418304
2,256,selective,5274.46142578125,13930809344,18616418304
2,256,selective,5377.21630859375,13930809856,18616418304
2,256,selective,5273.54541015625,13930810368,18616418304
2,1024,full,5326.6181640625,13928471040,16739467264
2,1024,full,5332.27197265625,13928471552,16739467264
2,1024,full,5337.58544921875,13928472064,16739467264
2,1024,full,5328.23681640625,13928472576,16739467264
2,1024,full,5326.9619140625,13928473088,16739467264
2,1024,full,5330.11376953125,13928473600,16739467264
2,1024,full,5347.53857421875,13928474112,16739467264
2,1024,full,5320.84619140625,13928474624,16739467264
2,1024,full,5328.359375,13928475136,16739467264
2,1024,full,5317.71142578125,13928475648,16739467264
2,64,selective,5281.56787109375,13926408704,19010682880
2,64,selective,5308.47705078125,13926409216,19010682880
2,64,selective,5291.71435546875,13926409728,19010682880
2,64,selective,5272.0849609375,13926410240,19010682880
2,64,selective,5387.16650390625,13926410752,19010682880
2,64,selective,5288.05810546875,13926411264,19010682880
2,64,selective,5287.16357421875,13926411776,19010682880
2,64,selective,5277.10791015625,13926412288,19010682880
2,64,selective,5266.10302734375,13926412800,19010682880
2,64,selective,5268.130859375,13926413312,19010682880
2,256,selective,5292.26806640625,13930805760,18616418304
2,256,selective,5324.06787109375,13930806272,18616418304
2,256,selective,5347.68408203125,13930806784,18616418304
2,256,selective,5297.57177734375,13930807296,18616418304
2,256,selective,5306.41552734375,13930807808,18616418304
2,256,selective,5328.4599609375,13930808320,18616418304
2,256,selective,5326.4921875,13930808832,18616418304
2,256,selective,5303.60107421875,13930809344,18616418304
2,256,selective,5294.5693359375,13930809856,18616418304
2,256,selective,5388.24365234375,13930810368,18616418304
2,1024,full,5282.9140625,13928471040,16739467264
2,1024,full,5298.30615234375,13928471552,16739467264
2,1024,full,5414.9462890625,13928472064,16739467264
2,1024,full,5310.95751953125,13928472576,16739467264
2,1024,full,5323.68505859375,13928473088,16739467264
2,1024,full,5292.078125,13928473600,16739467264
2,1024,full,5308.49560546875,13928474112,16739467264
2,1024,full,5410.34375,13928474624,16739467264
2,1024,full,5409.685546875,13928475136,16739467264
2,1024,full,5286.34033203125,13928475648,16739467264
2,64,selective,5297.61767578125,13926408704,19010682880
2,64,selective,5413.89013671875,13926409216,19010682880
2,64,selective,5275.5185546875,13926409728,19010682880
2,64,selective,5398.458984375,13926410240,19010682880
2,64,selective,5262.6103515625,13926410752,19010682880
2,64,selective,5282.44921875,13926411264,19010682880
2,64,selective,5278.95458984375,13926411776,19010682880
2,64,selective,5273.92724609375,13926412288,19010682880
2,64,selective,5333.69287109375,13926412800,19010682880
2,64,selective,5378.43896484375,13926413312,19010682880
2,256,selective,5296.92333984375,13930805760,18616418304
2,256,selective,5320.84228515625,13930806272,18616418304
2,256,selective,5321.14306640625,13930806784,18616418304
2,256,selective,5315.9921875,13930807296,18616418304
2,256,selective,5262.16650390625,13930807808,18616418304
2,256,selective,5286.15283203125,13930808320,18616418304
2,256,selective,5287.6669921875,13930808832,18616418304
2,256,selective,5279.31298828125,13930809344,18616418304
2,256,selective,5262.43896484375,13930809856,18616418304
2,256,selective,5274.7861328125,13930810368,18616418304
2,1024,full,5314.14794921875,13928471040,16739467264
2,1024,full,5300.15478515625,13928471552,16739467264
2,1024,full,5307.77294921875,13928472064,16739467264
2,1024,full,5301.08837890625,13928472576,16739467264
2,1024,full,5293.7294921875,13928473088,16739467264
2,1024,full,5296.44140625,13928473600,16739467264
2,1024,full,5312.51904296875,13928474112,16739467264
2,1024,full,5292.64404296875,13928474624,16739467264
2,1024,full,5302.47314453125,13928475136,16739467264
2,1024,full,5295.4736328125,13928475648,16739467264
1,4096,full,5343.5458984375,13952948736,19371393024
1,4096,full,5362.1611328125,13952949248,19371393024
1,4096,full,5361.2861328125,13952949760,19371393024
1,4096,full,5343.4228515625,13952950272,19371393024
1,4096,full,5339.73974609375,13952950784,19371393024
1,4096,full,5336.7099609375,13952951296,19371393024
1,4096,full,5352.126953125,13952951808,19371393024
1,4096,full,5336.92041015625,13952952320,19371393024
1,4096,full,5338.13427734375,13952952832,19371393024
1,4096,full,5337.310546875,13952953344,19371393024
1,8192,full,5438.58203125,15306628096,20552089600
1,8192,full,5453.13134765625,15306628608,20552089600
1,8192,full,5817.28173828125,15306629120,20552089600
1,8192,full,5429.0732421875,15306629632,20552089600
1,8192,full,5422.08837890625,15306630144,20552089600
1,8192,full,5434.2705078125,15306630656,20552089600
1,8192,full,5435.2099609375,15306631168,20552089600
1,8192,full,5457.33447265625,15306631680,20552089600
1,8192,full,5417.68017578125,15306632192,20552089600
1,8192,full,5422.44189453125,15306632704,20552089600
