2,64,selective,899.021240234375,23720221184,35729178624
2,64,selective,898.9721069335938,23720221696,35729178624
2,64,selective,898.9531860351562,23720222208,35729178624
2,64,selective,899.046875,23720222720,35729178624
2,64,selective,899.0299072265625,23720223232,35729178624
2,64,selective,898.9321899414062,23720223744,35729178624
2,64,selective,898.8663940429688,23720224256,35729178624
2,64,selective,899.1260986328125,23720224768,35729178624
2,64,selective,899.0995483398438,23720225280,35729178624
2,64,selective,899.0074462890625,23720225792,35729178624
2,256,selective,1097.1947021484375,26056782336,48549068800
2,256,selective,1097.129150390625,26056782848,48549068800
2,256,selective,1097.0858154296875,26056783360,48549068800
2,256,selective,1097.1014404296875,26056783872,48549068800
2,256,selective,1096.92724609375,26056784384,48549068800
2,256,selective,1097.03857421875,26056784896,48549068800
2,256,selective,1097.3399658203125,26056785408,48549068800
2,256,selective,1097.275390625,26056785920,48549068800
2,256,selective,1097.5350341796875,26056786432,48549068800
2,256,selective,1097.07421875,26056786944,48549068800
2,1024,full,2431.35888671875,24671499776,40204500992
2,1024,full,2433.644775390625,24671500288,40204500992
2,1024,full,2440.248046875,24671500800,40204500992
2,1024,full,2435.088134765625,24671501312,40204500992
2,1024,full,2436.49755859375,24671501824,40204500992
2,1024,full,2436.924560546875,24671502336,40204500992
2,1024,full,2435.46630859375,24671502848,40204500992
2,1024,full,2433.143798828125,24671503360,40204500992
2,1024,full,2432.878173828125,24671503872,40204500992
2,1024,full,2433.649169921875,24671504384,40204500992
2,64,selective,902.07666015625,23720221184,35729178624
2,64,selective,902.4071044921875,23720221696,35729178624
2,64,selective,902.0979614257812,23720222208,35729178624
2,64,selective,902.2824096679688,23720222720,35729178624
2,64,selective,902.2672729492188,23720223232,35729178624
2,64,selective,902.4713134765625,23720223744,35729178624
2,64,selective,902.4260864257812,23720224256,35729178624
2,64,selective,902.6549072265625,23720224768,35729178624
2,64,selective,902.6036987304688,23720225280,35729178624
2,64,selective,902.4945068359375,23720225792,35729178624
2,256,selective,1104.0740966796875,26056782336,48549068800
2,256,selective,1104.4468994140625,26056782848,48549068800
2,256,selective,1103.7816162109375,26056783360,48549068800
2,256,selective,1103.6815185546875,26056783872,48549068800
2,256,selective,1104.010009765625,26056784384,48549068800
2,256,selective,1103.9259033203125,26056784896,48549068800
2,256,selective,1104.1351318359375,26056785408,48549068800
2,256,selective,1103.846923828125,26056785920,48549068800
2,256,selective,1104.4959716796875,26056786432,48549068800
2,256,selective,1103.9737548828125,26056786944,48549068800
2,1024,full,2464.51318359375,24671499776,40204500992
2,1024,full,2460.639892578125,24671500288,40204500992
2,1024,full,2459.6435546875,24671500800,40204500992
2,1024,full,2457.707763671875,24671501312,40204500992
2,1024,full,2463.02587890625,24671501824,40204500992
2,1024,full,2457.948486328125,24671502336,40204500992
2,1024,full,2463.2392578125,24671502848,40204500992
2,1024,full,2459.546630859375,24671503360,40204500992
2,1024,full,2461.49072265625,24671503872,40204500992
2,1024,full,2460.903076171875,24671504384,40204500992
2,64,selective,898.1241455078125,23720221184,35729178624
2,64,selective,898.50732421875,23720221696,35729178624
2,64,selective,898.2453002929688,23720222208,35729178624
2,64,selective,898.6160278320312,23720222720,35729178624
2,64,selective,898.4782104492188,23720223232,35729178624
2,64,selective,898.7472534179688,23720223744,35729178624
2,64,selective,898.5921630859375,23720224256,35729178624
2,64,selective,898.7090454101562,23720224768,35729178624
2,64,selective,898.6942749023438,23720225280,35729178624
2,64,selective,898.6563720703125,23720225792,35729178624
2,256,selective,1095.7572021484375,26056782336,48549068800
2,256,selective,1095.71435546875,26056782848,48549068800
2,256,selective,1095.790771484375,26056783360,48549068800
2,256,selective,1096.3193359375,26056783872,48549068800
2,256,selective,1095.9075927734375,26056784384,48549068800
2,256,selective,1095.7227783203125,26056784896,48549068800
2,256,selective,1096.11572265625,26056785408,48549068800
2,256,selective,1095.8736572265625,26056785920,48549068800
2,256,selective,1095.9700927734375,26056786432,48549068800
2,256,selective,1095.65185546875,26056786944,48549068800
2,1024,full,2462.204833984375,24671499776,40204500992
2,1024,full,2459.15869140625,24671500288,40204500992
2,1024,full,2459.48583984375,24671500800,40204500992
2,1024,full,2459.7451171875,24671501312,40204500992
2,1024,full,2458.829833984375,24671501824,40204500992
2,1024,full,2462.628662109375,24671502336,40204500992
2,1024,full,2462.35302734375,24671502848,40204500992
2,1024,full,2468.0986328125,24671503360,40204500992
2,1024,full,2464.647216796875,24671503872,40204500992
2,1024,full,2466.072509765625,24671504384,40204500992
1,4096,full,4567.3095703125,28060669440,43301994496
1,4096,full,4579.423828125,28060669952,43301994496
1,4096,full,4577.27880859375,28060670464,43301994496
1,4096,full,4576.23291015625,28060670976,43301994496
1,4096,full,4568.2275390625,28060671488,43301994496
1,4096,full,4574.5693359375,28060672000,43301994496
1,4096,full,4578.50439453125,28060672512,43301994496
1,4096,full,4578.34326171875,28060673024,43301994496
1,4096,full,4581.94287109375,28060673536,43301994496
1,4096,full,4574.6904296875,28060674048,43301994496
1,8192,full,9004.8271484375,36490842624,54383345664
1,8192,full,9010.37890625,36490843136,54383345664
1,8192,full,8999.4697265625,36490843648,54383345664
1,8192,full,9004.421875,36490844160,54383345664
1,8192,full,9019.6083984375,36490844672,54383345664
1,8192,full,9015.841796875,36490845184,54383345664
1,8192,full,9015.9482421875,36490845696,54383345664
1,8192,full,9008.7470703125,36490846208,54383345664
1,8192,full,9006.130859375,36490846720,54383345664
1,8192,full,9010.5634765625,36490847232,54383345664
2,64,selective,901.08056640625,23720221184,35729178624
2,64,selective,901.190673828125,23720221696,35729178624
2,64,selective,900.7369384765625,23720222208,35729178624
2,64,selective,900.7630004882812,23720222720,35729178624
2,64,selective,901.0111694335938,23720223232,35729178624
2,64,selective,901.09765625,23720223744,35729178624
2,64,selective,901.0680541992188,23720224256,35729178624
2,64,selective,901.140380859375,23720224768,35729178624
2,64,selective,900.9666748046875,23720225280,35729178624
2,64,selective,901.1273193359375,23720225792,35729178624
2,256,selective,1097.30029296875,26056782336,48549068800
2,256,selective,1097.734375,26056782848,48549068800
2,256,selective,1097.9034423828125,26056783360,48549068800
2,256,selective,1097.5748291015625,26056783872,48549068800
2,256,selective,1097.474853515625,26056784384,48549068800
2,256,selective,1097.469970703125,26056784896,48549068800
2,256,selective,1098.0374755859375,26056785408,48549068800
2,256,selective,1097.4111328125,26056785920,48549068800
2,256,selective,1097.3935546875,26056786432,48549068800
2,256,selective,1097.79296875,26056786944,48549068800
2,1024,full,2496.80615234375,24671499776,40204500992
2,1024,full,2501.348876953125,24671500288,40204500992
2,1024,full,2491.143798828125,24671500800,40204500992
2,1024,full,2495.501708984375,24671501312,40204500992
2,1024,full,2495.792724609375,24671501824,40204500992
2,1024,full,2502.3837890625,24671502336,40204500992
2,1024,full,2503.94873046875,24671502848,40204500992
2,1024,full,2508.3798828125,24671503360,40204500992
2,1024,full,2510.126953125,24671503872,40204500992
2,1024,full,2509.00537109375,24671504384,40204500992
1,4096,full,4638.41796875,28060669440,43301994496
1,4096,full,4629.50048828125,28060669952,43301994496
1,4096,full,4629.21728515625,28060670464,43301994496
1,4096,full,4635.7109375,28060670976,43301994496
1,4096,full,4634.13232421875,28060671488,43301994496
1,4096,full,4634.31591796875,28060672000,43301994496
1,4096,full,4633.28271484375,28060672512,43301994496
1,4096,full,4639.35595703125,28060673024,43301994496
1,4096,full,4635.50048828125,28060673536,43301994496
1,4096,full,4635.83935546875,28060674048,43301994496
1,8192,full,9104.7275390625,36490842624,54383345664
1,8192,full,9093.0224609375,36490843136,54383345664
1,8192,full,9079.6416015625,36490843648,54383345664
1,8192,full,9085.9189453125,36490844160,54383345664
1,8192,full,9101.6337890625,36490844672,54383345664
1,8192,full,9106.1103515625,36490845184,54383345664
1,8192,full,9080.3720703125,36490845696,54383345664
1,8192,full,9071.5537109375,36490846208,54383345664
1,8192,full,9100.3017578125,36490846720,54383345664
1,8192,full,9119.275390625,36490847232,54383345664
