2,64,selective,896.871337890625,23720221184,35729178624
2,64,selective,897.4024047851562,23720221696,35729178624
2,64,selective,897.1032104492188,23720222208,35729178624
2,64,selective,896.9508666992188,23720222720,35729178624
2,64,selective,897.0070190429688,23720223232,35729178624
2,64,selective,897.2354736328125,23720223744,35729178624
2,64,selective,897.033203125,23720224256,35729178624
2,64,selective,897.29638671875,23720224768,35729178624
2,64,selective,897.0849609375,23720225280,35729178624
2,64,selective,897.1752319335938,23720225792,35729178624
2,256,selective,1096.6055908203125,26056782336,48549068800
2,256,selective,1096.501708984375,26056782848,48549068800
2,256,selective,1097.169921875,26056783360,48549068800
2,256,selective,1097.3291015625,26056783872,48549068800
2,256,selective,1096.85400390625,26056784384,48549068800
2,256,selective,1096.705322265625,26056784896,48549068800
2,256,selective,1097.079345703125,26056785408,48549068800
2,256,selective,1096.4864501953125,26056785920,48549068800
2,256,selective,1096.7725830078125,26056786432,48549068800
2,256,selective,1097.2686767578125,26056786944,48549068800
2,1024,full,2436.290771484375,24671499776,40204500992
2,1024,full,2440.2412109375,24671500288,40204500992
2,1024,full,2441.6650390625,24671500800,40204500992
2,1024,full,2438.565673828125,24671501312,40204500992
2,1024,full,2441.299560546875,24671501824,40204500992
2,1024,full,2442.05712890625,24671502336,40204500992
2,1024,full,2442.360107421875,24671502848,40204500992
2,1024,full,2444.278076171875,24671503360,40204500992
2,1024,full,2447.85986328125,24671503872,40204500992
2,1024,full,2445.79443359375,24671504384,40204500992
2,64,selective,902.7330322265625,23720221184,35729178624
2,64,selective,902.4622192382812,23720221696,35729178624
2,64,selective,902.5900268554688,23720222208,35729178624
2,64,selective,902.6318359375,23720222720,35729178624
2,64,selective,902.6486206054688,23720223232,35729178624
2,64,selective,902.4336547851562,23720223744,35729178624
2,64,selective,902.5101318359375,23720224256,35729178624
2,64,selective,902.5068359375,23720224768,35729178624
2,64,selective,902.5383911132812,23720225280,35729178624
2,64,selective,902.4478759765625,23720225792,35729178624
2,256,selective,1101.46533203125,26056782336,48549068800
2,256,selective,1101.466552734375,26056782848,48549068800
2,256,selective,1101.5546875,26056783360,48549068800
2,256,selective,1102.117431640625,26056783872,48549068800
2,256,selective,1102.000732421875,26056784384,48549068800
2,256,selective,1101.658203125,26056784896,48549068800
2,256,selective,1101.4952392578125,26056785408,48549068800
2,256,selective,1102.358154296875,26056785920,48549068800
2,256,selective,1101.7950439453125,26056786432,48549068800
2,256,selective,1101.9471435546875,26056786944,48549068800
2,1024,full,2466.2509765625,24671499776,40204500992
2,1024,full,2467.983642578125,24671500288,40204500992
2,1024,full,2471.134033203125,24671500800,40204500992
2,1024,full,2466.209716796875,24671501312,40204500992
2,1024,full,2473.451416015625,24671501824,40204500992
2,1024,full,2463.9599609375,24671502336,40204500992
2,1024,full,2474.092041015625,24671502848,40204500992
2,1024,full,2466.2841796875,24671503360,40204500992
2,1024,full,2469.732421875,24671503872,40204500992
2,1024,full,2469.9482421875,24671504384,40204500992
2,64,selective,897.0298461914062,23720221184,35729178624
2,64,selective,897.4290771484375,23720221696,35729178624
2,64,selective,897.2652587890625,23720222208,35729178624
2,64,selective,897.22216796875,23720222720,35729178624
2,64,selective,897.0967407226562,23720223232,35729178624
2,64,selective,897.2562255859375,23720223744,35729178624
2,64,selective,897.0732421875,23720224256,35729178624
2,64,selective,897.4012451171875,23720224768,35729178624
2,64,selective,897.379150390625,23720225280,35729178624
2,64,selective,897.2464599609375,23720225792,35729178624
2,256,selective,1100.3546142578125,26056782336,48549068800
2,256,selective,1100.3330078125,26056782848,48549068800
2,256,selective,1100.3377685546875,26056783360,48549068800
2,256,selective,1100.2972412109375,26056783872,48549068800
2,256,selective,1099.8017578125,26056784384,48549068800
2,256,selective,1099.9517822265625,26056784896,48549068800
2,256,selective,1099.6273193359375,26056785408,48549068800
2,256,selective,1099.7215576171875,26056785920,48549068800
2,256,selective,1099.722412109375,26056786432,48549068800
2,256,selective,1099.7418212890625,26056786944,48549068800
2,1024,full,2469.50390625,24671499776,40204500992
2,1024,full,2468.304931640625,24671500288,40204500992
2,1024,full,2460.8564453125,24671500800,40204500992
2,1024,full,2465.379638671875,24671501312,40204500992
2,1024,full,2471.80126953125,24671501824,40204500992
2,1024,full,2467.76416015625,24671502336,40204500992
2,1024,full,2470.4599609375,24671502848,40204500992
2,1024,full,2460.735107421875,24671503360,40204500992
2,1024,full,2470.455322265625,24671503872,40204500992
2,1024,full,2472.318603515625,24671504384,40204500992
1,4096,full,4604.03857421875,28060669440,43301994496
1,4096,full,4600.6630859375,28060669952,43301994496
1,4096,full,4604.982421875,28060670464,43301994496
1,4096,full,4603.69189453125,28060670976,43301994496
1,4096,full,4601.1904296875,28060671488,43301994496
1,4096,full,4607.865234375,28060672000,43301994496
1,4096,full,4602.599609375,28060672512,43301994496
1,4096,full,4607.34716796875,28060673024,43301994496
1,4096,full,4608.30322265625,28060673536,43301994496
1,4096,full,4601.06787109375,28060674048,43301994496
1,8192,full,9035.1357421875,36490842624,54383345664
1,8192,full,9037.6630859375,36490843136,54383345664
1,8192,full,9032.228515625,36490843648,54383345664
1,8192,full,9038.375,36490844160,54383345664
1,8192,full,9051.21484375,36490844672,54383345664
1,8192,full,9037.919921875,36490845184,54383345664
1,8192,full,9054.2138671875,36490845696,54383345664
1,8192,full,9038.1474609375,36490846208,54383345664
1,8192,full,9034.0224609375,36490846720,54383345664
1,8192,full,9052.779296875,36490847232,54383345664
2,64,selective,896.735107421875,23720221184,35729178624
2,64,selective,897.0828857421875,23720221696,35729178624
2,64,selective,896.5232543945312,23720222208,35729178624
2,64,selective,896.778076171875,23720222720,35729178624
2,64,selective,896.7493286132812,23720223232,35729178624
2,64,selective,896.9590454101562,23720223744,35729178624
2,64,selective,896.7489624023438,23720224256,35729178624
2,64,selective,896.711181640625,23720224768,35729178624
2,64,selective,896.7291259765625,23720225280,35729178624
2,64,selective,896.712890625,23720225792,35729178624
2,256,selective,1093.32861328125,26056782336,48549068800
2,256,selective,1092.5115966796875,26056782848,48549068800
2,256,selective,1092.68505859375,26056783360,48549068800
2,256,selective,1093.310302734375,26056783872,48549068800
2,256,selective,1092.8648681640625,26056784384,48549068800
2,256,selective,1092.736572265625,26056784896,48549068800
2,256,selective,1092.9085693359375,26056785408,48549068800
2,256,selective,1093.2030029296875,26056785920,48549068800
2,256,selective,1092.5284423828125,26056786432,48549068800
2,256,selective,1092.89599609375,26056786944,48549068800
2,1024,full,2451.224365234375,24671499776,40204500992
2,1024,full,2458.36669921875,24671500288,40204500992
2,1024,full,2459.58154296875,24671500800,40204500992
2,1024,full,2453.240234375,24671501312,40204500992
2,1024,full,2448.853271484375,24671501824,40204500992
2,1024,full,2451.920166015625,24671502336,40204500992
2,1024,full,2455.396728515625,24671502848,40204500992
2,1024,full,2454.890380859375,24671503360,40204500992
2,1024,full,2451.64990234375,24671503872,40204500992
2,1024,full,2454.246826171875,24671504384,40204500992
1,4096,full,4535.04833984375,28060669440,43301994496
1,4096,full,4541.33740234375,28060669952,43301994496
1,4096,full,4544.20556640625,28060670464,43301994496
1,4096,full,4538.40283203125,28060670976,43301994496
1,4096,full,4539.703125,28060671488,43301994496
1,4096,full,4529.921875,28060672000,43301994496
1,4096,full,4538.0244140625,28060672512,43301994496
1,4096,full,4535.9033203125,28060673024,43301994496
1,4096,full,4536.8349609375,28060673536,43301994496
1,4096,full,4538.91015625,28060674048,43301994496
1,8192,full,8937.0595703125,36490842624,54383345664
1,8192,full,8932.7744140625,36490843136,54383345664
1,8192,full,8933.3212890625,36490843648,54383345664
1,8192,full,8942.69140625,36490844160,54383345664
1,8192,full,8907.9169921875,36490844672,54383345664
1,8192,full,8914.4130859375,36490845184,54383345664
1,8192,full,8864.671875,36490845696,54383345664
1,8192,full,8906.080078125,36490846208,54383345664
1,8192,full,8920.5830078125,36490846720,54383345664
1,8192,full,8920.595703125,36490847232,54383345664
