2,64,selective,5410.44091796875,23720221696,35729178624
2,64,selective,5385.72412109375,23720222208,35729178624
2,64,selective,5378.8203125,23720222720,35729178624
2,64,selective,5407.4150390625,23720223232,35729178624
2,64,selective,5503.4775390625,23720223744,35729178624
2,64,selective,5550.78076171875,23720224256,35729178624
2,64,selective,5402.71923828125,23720224768,35729178624
2,64,selective,5401.44775390625,23720225280,35729178624
2,64,selective,5376.91259765625,23720225792,35729178624
2,64,selective,5501.140625,23720226304,35729178624
2,256,selective,5423.22412109375,26056782848,48549068800
2,256,selective,5413.0732421875,26056783360,48549068800
2,256,selective,5419.828125,26056783872,48549068800
2,256,selective,5430.10400390625,26056784384,48549068800
2,256,selective,5389.33642578125,26056784896,48549068800
2,256,selective,5379.5595703125,26056785408,48549068800
2,256,selective,5399.115234375,26056785920,48549068800
2,256,selective,5400.29052734375,26056786432,48549068800
2,256,selective,5377.0693359375,26056786944,48549068800
2,256,selective,5398.5068359375,26056787456,48549068800
2,1024,full,5480.9072265625,24671500288,40204500992
2,1024,full,5482.04931640625,24671500800,40204500992
2,1024,full,5464.11279296875,24671501312,40204500992
2,1024,full,5511.556640625,24671501824,40204500992
2,1024,full,5552.09765625,24671502336,40204500992
2,1024,full,5422.76123046875,24671502848,40204500992
2,1024,full,5432.9716796875,24671503360,40204500992
2,1024,full,5427.6552734375,24671503872,40204500992
2,1024,full,5415.4248046875,24671504384,40204500992
2,1024,full,5428.24609375,24671504896,40204500992
2,64,selective,5698.58935546875,23720221696,35729178624
2,64,selective,5402.84619140625,23720222208,35729178624
2,64,selective,5377.908203125,23720222720,35729178624
2,64,selective,5404.08544921875,23720223232,35729178624
2,64,selective,5504.55078125,23720223744,35729178624
2,64,selective,5367.67626953125,23720224256,35729178624
2,64,selective,5397.3955078125,23720224768,35729178624
2,64,selective,5388.89453125,23720225280,35729178624
2,64,selective,5370.865234375,23720225792,35729178624
2,64,selective,5415.4775390625,23720226304,35729178624
2,256,selective,5509.88720703125,26056782848,48549068800
2,256,selective,5409.56640625,26056783360,48549068800
2,256,selective,5396.880859375,26056783872,48549068800
2,256,selective,5420.875,26056784384,48549068800
2,256,selective,5412.60888671875,26056784896,48549068800
2,256,selective,5527.41357421875,26056785408,48549068800
2,256,selective,5402.302734375,26056785920,48549068800
2,256,selective,5396.0224609375,26056786432,48549068800
2,256,selective,5379.32666015625,26056786944,48549068800
2,256,selective,5403.23046875,26056787456,48549068800
2,1024,full,5451.111328125,24671500288,40204500992
2,1024,full,5431.0537109375,24671500800,40204500992
2,1024,full,5427.03076171875,24671501312,40204500992
2,1024,full,5435.96826171875,24671501824,40204500992
2,1024,full,5423.8759765625,24671502336,40204500992
2,1024,full,5420.140625,24671502848,40204500992
2,1024,full,5472.9560546875,24671503360,40204500992
2,1024,full,5429.10400390625,24671503872,40204500992
2,1024,full,5418.16943359375,24671504384,40204500992
2,1024,full,5429.3427734375,24671504896,40204500992
2,64,selective,5409.2734375,23720221696,35729178624
2,64,selective,5387.15966796875,23720222208,35729178624
2,64,selective,5475.1455078125,23720222720,35729178624
2,64,selective,5412.34375,23720223232,35729178624
2,64,selective,5384.8671875,23720223744,35729178624
2,64,selective,5375.1181640625,23720224256,35729178624
2,64,selective,5400.71435546875,23720224768,35729178624
2,64,selective,5496.14208984375,23720225280,35729178624
2,64,selective,5378.5546875,23720225792,35729178624
2,64,selective,5419.72119140625,23720226304,35729178624
2,256,selective,5405.0595703125,26056782848,48549068800
2,256,selective,5388.224609375,26056783360,48549068800
2,256,selective,5369.1044921875,26056783872,48549068800
2,256,selective,5403.4033203125,26056784384,48549068800
2,256,selective,5390.0224609375,26056784896,48549068800
2,256,selective,5373.73828125,26056785408,48549068800
2,256,selective,5434.36767578125,26056785920,48549068800
2,256,selective,5390.46142578125,26056786432,48549068800
2,256,selective,5368.17626953125,26056786944,48549068800
2,256,selective,5393.9951171875,26056787456,48549068800
2,1024,full,5447.5810546875,24671500288,40204500992
2,1024,full,5443.6826171875,24671500800,40204500992
2,1024,full,5481.15380859375,24671501312,40204500992
2,1024,full,5482.5869140625,24671501824,40204500992
2,1024,full,5583.7548828125,24671502336,40204500992
2,1024,full,5443.81396484375,24671502848,40204500992
2,1024,full,5481.2255859375,24671503360,40204500992
2,1024,full,5472.462890625,24671503872,40204500992
2,1024,full,5421.7294921875,24671504384,40204500992
2,1024,full,5498.19287109375,24671504896,40204500992
1,4096,full,6220.18701171875,28060669952,43301994496
1,4096,full,6085.1630859375,28060670464,43301994496
1,4096,full,5997.59716796875,28060670976,43301994496
1,4096,full,6018.7880859375,28060671488,43301994496
1,4096,full,6009.97607421875,28060672000,43301994496
1,4096,full,6005.638671875,28060672512,43301994496
1,4096,full,6011.72265625,28060673024,43301994496
1,4096,full,6051.0078125,28060673536,43301994496
1,4096,full,6014.70751953125,28060674048,43301994496
1,4096,full,6038.28857421875,28060674560,43301994496
1,8192,full,10663.826171875,36490843136,54383345664
1,8192,full,10581.3818359375,36490843648,54383345664
1,8192,full,10584.46484375,36490844160,54383345664
1,8192,full,10703.046875,36490844672,54383345664
1,8192,full,10605.1220703125,36490845184,54383345664
1,8192,full,10646.0751953125,36490845696,54383345664
1,8192,full,10586.4189453125,36490846208,54383345664
1,8192,full,10576.7314453125,36490846720,54383345664
1,8192,full,10674.251953125,36490847232,54383345664
1,8192,full,10599.5615234375,36490847744,54383345664
2,64,selective,5397.81103515625,23720221696,35729178624
2,64,selective,5425.97314453125,23720222208,35729178624
2,64,selective,5379.5986328125,23720222720,35729178624
2,64,selective,5396.87109375,23720223232,35729178624
2,64,selective,5373.43994140625,23720223744,35729178624
2,64,selective,5362.76611328125,23720224256,35729178624
2,64,selective,5393.4697265625,23720224768,35729178624
2,64,selective,5512.4296875,23720225280,35729178624
2,64,selective,5370.56298828125,23720225792,35729178624
2,64,selective,5477.4150390625,23720226304,35729178624
2,256,selective,5457.11376953125,26056782848,48549068800
2,256,selective,5786.8369140625,26056783360,48549068800
2,256,selective,5483.9501953125,26056783872,48549068800
2,256,selective,5430.6669921875,26056784384,48549068800
2,256,selective,5413.47216796875,26056784896,48549068800
2,256,selective,5503.3994140625,26056785408,48549068800
2,256,selective,5515.18115234375,26056785920,48549068800
2,256,selective,5404.4921875,26056786432,48549068800
2,256,selective,5438.20556640625,26056786944,48549068800
2,256,selective,5526.91943359375,26056787456,48549068800
2,1024,full,5466.73974609375,24671500288,40204500992
2,1024,full,5443.72802734375,24671500800,40204500992
2,1024,full,5416.27783203125,24671501312,40204500992
2,1024,full,5428.076171875,24671501824,40204500992
2,1024,full,5424.953125,24671502336,40204500992
2,1024,full,5446.04443359375,24671502848,40204500992
2,1024,full,5431.3349609375,24671503360,40204500992
2,1024,full,5421.177734375,24671503872,40204500992
2,1024,full,5417.7529296875,24671504384,40204500992
2,1024,full,5423.53369140625,24671504896,40204500992
1,4096,full,6018.9150390625,28060669952,43301994496
1,4096,full,6078.26611328125,28060670464,43301994496
1,4096,full,6003.44921875,28060670976,43301994496
1,4096,full,6040.9287109375,28060671488,43301994496
1,4096,full,6073.26171875,28060672000,43301994496
1,4096,full,6003.8203125,28060672512,43301994496
1,4096,full,6069.40234375,28060673024,43301994496
1,4096,full,6009.400390625,28060673536,43301994496
1,4096,full,6068.2333984375,28060674048,43301994496
1,4096,full,6009.27001953125,28060674560,43301994496
1,8192,full,10587.8369140625,36490843136,54383345664
1,8192,full,10588.478515625,36490843648,54383345664
1,8192,full,10588.13671875,36490844160,54383345664
1,8192,full,10618.8330078125,36490844672,54383345664
1,8192,full,10587.919921875,36490845184,54383345664
1,8192,full,10691.25390625,36490845696,54383345664
1,8192,full,10584.580078125,36490846208,54383345664
1,8192,full,10592.986328125,36490846720,54383345664
1,8192,full,10696.6884765625,36490847232,54383345664
1,8192,full,10613.0146484375,36490847744,54383345664
