2,64,selective,5410.50634765625,23720221696,35729178624
2,64,selective,5385.80322265625,23720222208,35729178624
2,64,selective,5378.919921875,23720222720,35729178624
2,64,selective,5407.37548828125,23720223232,35729178624
2,64,selective,5503.568359375,23720223744,35729178624
2,64,selective,5550.82470703125,23720224256,35729178624
2,64,selective,5402.7490234375,23720224768,35729178624
2,64,selective,5401.6044921875,23720225280,35729178624
2,64,selective,5376.95458984375,23720225792,35729178624
2,64,selective,5501.228515625,23720226304,35729178624
2,256,selective,5423.1875,26056782848,48549068800
2,256,selective,5413.09814453125,26056783360,48549068800
2,256,selective,5419.82275390625,26056783872,48549068800
2,256,selective,5430.3955078125,26056784384,48549068800
2,256,selective,5389.31201171875,26056784896,48549068800
2,256,selective,5379.56396484375,26056785408,48549068800
2,256,selective,5399.2060546875,26056785920,48549068800
2,256,selective,5400.24853515625,26056786432,48549068800
2,256,selective,5376.84716796875,26056786944,48549068800
2,256,selective,5398.4814453125,26056787456,48549068800
2,1024,full,5480.6083984375,24671500288,40204500992
2,1024,full,5482.0654296875,24671500800,40204500992
2,1024,full,5464.08740234375,24671501312,40204500992
2,1024,full,5511.5185546875,24671501824,40204500992
2,1024,full,5552.021484375,24671502336,40204500992
2,1024,full,5422.75927734375,24671502848,40204500992
2,1024,full,5432.92578125,24671503360,40204500992
2,1024,full,5427.63671875,24671503872,40204500992
2,1024,full,5415.41015625,24671504384,40204500992
2,1024,full,5428.16455078125,24671504896,40204500992
2,64,selective,5698.61962890625,23720221696,35729178624
2,64,selective,5402.75537109375,23720222208,35729178624
2,64,selective,5377.8359375,23720222720,35729178624
2,64,selective,5403.95947265625,23720223232,35729178624
2,64,selective,5504.56396484375,23720223744,35729178624
2,64,selective,5367.544921875,23720224256,35729178624
2,64,selective,5397.396484375,23720224768,35729178624
2,64,selective,5388.7705078125,23720225280,35729178624
2,64,selective,5370.837890625,23720225792,35729178624
2,64,selective,5415.43212890625,23720226304,35729178624
2,256,selective,5509.9443359375,26056782848,48549068800
2,256,selective,5409.21484375,26056783360,48549068800
2,256,selective,5396.93896484375,26056783872,48549068800
2,256,selective,5420.95166015625,26056784384,48549068800
2,256,selective,5412.619140625,26056784896,48549068800
2,256,selective,5527.52197265625,26056785408,48549068800
2,256,selective,5402.3134765625,26056785920,48549068800
2,256,selective,5396.154296875,26056786432,48549068800
2,256,selective,5379.36328125,26056786944,48549068800
2,256,selective,5403.28369140625,26056787456,48549068800
2,1024,full,5451.11376953125,24671500288,40204500992
2,1024,full,5431.02880859375,24671500800,40204500992
2,1024,full,5426.955078125,24671501312,40204500992
2,1024,full,5435.9990234375,24671501824,40204500992
2,1024,full,5424.015625,24671502336,40204500992
2,1024,full,5420.14208984375,24671502848,40204500992
2,1024,full,5472.89990234375,24671503360,40204500992
2,1024,full,5429.04345703125,24671503872,40204500992
2,1024,full,5418.283203125,24671504384,40204500992
2,1024,full,5429.29541015625,24671504896,40204500992
2,64,selective,5409.3701171875,23720221696,35729178624
2,64,selective,5387.1435546875,23720222208,35729178624
2,64,selective,5475.09912109375,23720222720,35729178624
2,64,selective,5412.37255859375,23720223232,35729178624
2,64,selective,5384.83251953125,23720223744,35729178624
2,64,selective,5375.0908203125,23720224256,35729178624
2,64,selective,5400.978515625,23720224768,35729178624
2,64,selective,5496.18310546875,23720225280,35729178624
2,64,selective,5378.52392578125,23720225792,35729178624
2,64,selective,5419.6767578125,23720226304,35729178624
2,256,selective,5405.07080078125,26056782848,48549068800
2,256,selective,5388.2529296875,26056783360,48549068800
2,256,selective,5369.033203125,26056783872,48549068800
2,256,selective,5403.265625,26056784384,48549068800
2,256,selective,5389.97998046875,26056784896,48549068800
2,256,selective,5373.76953125,26056785408,48549068800
2,256,selective,5434.35791015625,26056785920,48549068800
2,256,selective,5390.42138671875,26056786432,48549068800
2,256,selective,5368.12060546875,26056786944,48549068800
2,256,selective,5393.9521484375,26056787456,48549068800
2,1024,full,5447.64892578125,24671500288,40204500992
2,1024,full,5443.6181640625,24671500800,40204500992
2,1024,full,5481.20654296875,24671501312,40204500992
2,1024,full,5482.62646484375,24671501824,40204500992
2,1024,full,5583.7978515625,24671502336,40204500992
2,1024,full,5443.91064453125,24671502848,40204500992
2,1024,full,5481.2470703125,24671503360,40204500992
2,1024,full,5472.48876953125,24671503872,40204500992
2,1024,full,5421.8017578125,24671504384,40204500992
2,1024,full,5498.2236328125,24671504896,40204500992
1,4096,full,6220.21875,28060669952,43301994496
1,4096,full,6085.16259765625,28060670464,43301994496
1,4096,full,5997.60498046875,28060670976,43301994496
1,4096,full,6018.7890625,28060671488,43301994496
1,4096,full,6009.96826171875,28060672000,43301994496
1,4096,full,6005.689453125,28060672512,43301994496
1,4096,full,6011.724609375,28060673024,43301994496
1,4096,full,6050.98974609375,28060673536,43301994496
1,4096,full,6014.73779296875,28060674048,43301994496
1,4096,full,6038.28759765625,28060674560,43301994496
1,8192,full,10663.734375,36490843136,54383345664
1,8192,full,10581.1806640625,36490843648,54383345664
1,8192,full,10584.435546875,36490844160,54383345664
1,8192,full,10703.0390625,36490844672,54383345664
1,8192,full,10605.130859375,36490845184,54383345664
1,8192,full,10646.11328125,36490845696,54383345664
1,8192,full,10586.4150390625,36490846208,54383345664
1,8192,full,10576.755859375,36490846720,54383345664
1,8192,full,10674.2314453125,36490847232,54383345664
1,8192,full,10599.580078125,36490847744,54383345664
2,64,selective,5397.8251953125,23720221696,35729178624
2,64,selective,5426.02734375,23720222208,35729178624
2,64,selective,5379.6611328125,23720222720,35729178624
2,64,selective,5396.8544921875,23720223232,35729178624
2,64,selective,5373.51220703125,23720223744,35729178624
2,64,selective,5362.87841796875,23720224256,35729178624
2,64,selective,5393.6435546875,23720224768,35729178624
2,64,selective,5512.49755859375,23720225280,35729178624
2,64,selective,5370.57177734375,23720225792,35729178624
2,64,selective,5477.419921875,23720226304,35729178624
2,256,selective,5457.11962890625,26056782848,48549068800
2,256,selective,5786.82958984375,26056783360,48549068800
2,256,selective,5483.90966796875,26056783872,48549068800
2,256,selective,5430.638671875,26056784384,48549068800
2,256,selective,5413.42138671875,26056784896,48549068800
2,256,selective,5503.42138671875,26056785408,48549068800
2,256,selective,5515.34228515625,26056785920,48549068800
2,256,selective,5404.26513671875,26056786432,48549068800
2,256,selective,5438.1591796875,26056786944,48549068800
2,256,selective,5526.93115234375,26056787456,48549068800
2,1024,full,5466.68017578125,24671500288,40204500992
2,1024,full,5443.78076171875,24671500800,40204500992
2,1024,full,5416.21533203125,24671501312,40204500992
2,1024,full,5428.0732421875,24671501824,40204500992
2,1024,full,5424.7392578125,24671502336,40204500992
2,1024,full,5446.10595703125,24671502848,40204500992
2,1024,full,5431.35791015625,24671503360,40204500992
2,1024,full,5421.18798828125,24671503872,40204500992
2,1024,full,5417.779296875,24671504384,40204500992
2,1024,full,5423.55615234375,24671504896,40204500992
1,4096,full,6018.91162109375,28060669952,43301994496
1,4096,full,6078.26806640625,28060670464,43301994496
1,4096,full,6003.36474609375,28060670976,43301994496
1,4096,full,6041.0048828125,28060671488,43301994496
1,4096,full,6073.1982421875,28060672000,43301994496
1,4096,full,6003.82861328125,28060672512,43301994496
1,4096,full,6069.45361328125,28060673024,43301994496
1,4096,full,6009.34814453125,28060673536,43301994496
1,4096,full,6068.20947265625,28060674048,43301994496
1,4096,full,6009.2236328125,28060674560,43301994496
1,8192,full,10587.8154296875,36490843136,54383345664
1,8192,full,10588.4248046875,36490843648,54383345664
1,8192,full,10588.11328125,36490844160,54383345664
1,8192,full,10618.7822265625,36490844672,54383345664
1,8192,full,10587.9462890625,36490845184,54383345664
1,8192,full,10691.26171875,36490845696,54383345664
1,8192,full,10584.5537109375,36490846208,54383345664
1,8192,full,10592.9892578125,36490846720,54383345664
1,8192,full,10696.705078125,36490847232,54383345664
1,8192,full,10612.9794921875,36490847744,54383345664
